2019,mean
